0,422
33,69
33,68
33,67
68,35
11,14
11,1
11,4
11,2
11,3
9,7
9,6
9,1
9,4
9,2
9,3
8,4
8,11
8,13
8,15
8,12
8,1
8,18
8,2
8,3
0,318
12,2
12,1
12,3
20,2
20,1
20,3
19,2
19,1
19,3
67,3
67,2
67,1
67,0
66,5
66,4
66,3
66,2
66,1
66,0
65,4
65,3
65,2
65,1
65,0
64,3
64,2
64,1
64,0
63,5
63,4
63,3
63,2
63,1
63,0
62,5
62,4
62,3
62,2
62,1
62,0
61,7
61,6
61,5
61,4
61,3
61,2
61,1
61,0
60,6
60,5
60,4
60,3
60,2
60,1
60,0
59,5
59,4
59,3
59,2
59,1
59,0
58,4
58,3
58,2
58,1
58,0
57,9
57,8
57,7
57,6
57,5
57,4
57,3
57,2
57,1
57,0
55,4
55,3
55,2
55,1
55,0
54,4
54,3
54,2
54,1
54,0
53,5
53,4
53,3
53,2
53,1
53,0
52,4
52,3
52,2
52,1
52,0
51,3
51,2
51,1
51,0
50,5
50,4
18,1
50,3
50,2
50,1
18,3
50,0
49,3
49,2
49,1
49,0
48,5
48,4
48,3
48,2
48,1
48,0
